{"3d_ball_pos":{"0":[[0.0],[0.0],[0.1106765121]],"1":[[0.0],[0.0],[0.1094168648]],"2":[[0.0],[0.0],[0.1107940748]],"3":[[0.0],[0.0],[0.1106112748]],"4":[[-0.0004140828],[-0.0042169997],[0.1097200215]],"5":[[-0.3417924345],[-0.015631957],[0.2536000907]],"6":[[-0.9070352316],[-0.0345315449],[0.4106341004]],"7":[[-1.4676542282],[-0.05328428],[0.4674486518]],"8":[[-2.023583889],[-0.0718974248],[0.4249631763]],"9":[[-2.5746223927],[-0.0903740525],[0.2840169966]],"10":[[-3.1120481491],[-0.1082430407],[0.1431648731]],"11":[[-3.6122891903],[-0.1241413131],[0.2483866066]],"12":[[-4.1089558601],[-0.1399295479],[0.2532782853]],"13":[[-4.6017313004],[-0.1556004286],[0.1586312652]],"14":[[-5.0828323364],[-0.1708214134],[0.1646330506]],"15":[[-5.5561404228],[-0.1857474893],[0.1753864139]],"16":[[-6.0246896744],[-0.2005235255],[0.1180557236]],"17":[[-6.4813408852],[-0.2149243653],[0.1435560286]],"18":[[-6.9506850243],[-0.2288047969],[0.1264164746]],"19":[[-7.4809536934],[-0.2410819381],[0.1200487763]],"20":[[-7.9798498154],[-0.2527597547],[0.1187020019]],"21":[[-8.4537916183],[-0.2638706565],[0.1137403995]],"22":[[-8.9032392502],[-0.2744072676],[0.1120134443]],"23":[[-9.3280735016],[-0.2843669057],[0.1097929329]],"24":[[-9.6069364548],[-0.3197184205],[0.110978961]],"25":[[-9.6875553131],[-0.3863743544],[0.1105094254]],"26":[[-9.7557287216],[-0.4427390695],[0.1094851419]],"27":[[-9.8115720749],[-0.4889107347],[0.110798046]],"28":[[-9.8551883698],[-0.5249717832],[0.1106088907]],"29":[[-9.8866491318],[-0.550984025],[0.1094445661]],"30":[[-9.6757860184],[-0.5430131555],[0.2550896406]],"31":[[-9.5542478561],[-0.5322400928],[0.1426398307]],"32":[[-9.6199922562],[-0.5293498635],[0.4143731296]],"33":[[-9.6855516434],[-0.5264727473],[0.587230742]],"34":[[-9.7509889603],[-0.5236024261],[0.6617184877]],"35":[[-9.8163499832],[-0.5207355022],[0.6380747557]],"36":[[-9.8816013336],[-0.5178726315],[0.5164667964]],"37":[[-9.9466466904],[-0.5150158405],[0.2972662151]],"38":[[-10.0103940964],[-0.512229681],[0.1715932935]],"39":[[-10.3543663025],[-0.6467325091],[0.238961935]],"40":[[-10.8163642883],[-0.8387749791],[0.1762502044]],"41":[[-11.2606306076],[-1.02307868],[0.1506586671]],"42":[[-11.6873588562],[-1.1997176409],[0.1572356075]],"43":[[-12.1068639755],[-1.3733164072],[0.1279794574]],"44":[[-12.5137662888],[-1.5416167974],[0.1230922639]],"45":[[-12.9076757431],[-1.7045435905],[0.1253398955]],"46":[[-13.2847003937],[-1.8604865074],[0.118858479]],"47":[[-13.6950035095],[-1.9956361055],[0.1231269017]],"48":[[-14.5555849075],[-2.0120184422],[0.1583233476]],"49":[[-15.3981657028],[-2.0284950733],[0.1168336049]],"50":[[-16.1896915436],[-2.0465400219],[0.1252690107]],"51":[[-16.9510135651],[-2.0640707016],[0.1198854223]],"52":[[-17.6744251251],[-2.0807332993],[0.1101346016]],"53":[[-18.3582267761],[-2.0964829922],[0.1135775819]],"54":[[-19.0041790009],[-2.1113610268],[0.111466296]],"55":[[-19.1883049011],[-1.7116323709],[0.111241214]],"56":[[-19.3667907715],[-1.344686985],[0.1063428447]],"57":[[-19.4216957092],[-1.1918364763],[0.1128437296]],"58":[[-19.4082450867],[-1.1794581413],[0.1102856547]],"59":[[-19.4056072235],[-1.1770306826],[0.1112111807]],"60":[[-19.4056072235],[-1.1770306826],[0.1106401756]],"61":[[-19.4056072235],[-1.1770306826],[0.1111787483]],"62":[[-19.4056072235],[-1.1770306826],[0.1105990857]],"63":[[-19.4056072235],[-1.1770306826],[0.1111825034]],"64":[[-19.4056072235],[-1.1770306826],[0.1106038466]],"65":[[-19.4056072235],[-1.1770306826],[0.1111820713]],"66":[[-19.4056072235],[-1.1770306826],[0.1106032953]],"67":[[-19.4056072235],[-1.1770306826],[0.1111821234]],"68":[[-19.2177677155],[-1.1087620258],[0.1816260517]],"69":[[-19.2330112457],[-0.5703334212],[0.315913409]],"70":[[-19.3417263031],[0.1599665284],[0.4127365947]],"71":[[-19.4479618073],[0.8825633526],[0.4085403085]],"72":[[-19.5517902374],[1.5972701311],[0.3044931591]],"73":[[-19.6531658173],[2.3033545017],[0.1016951725]],"74":[[-19.7414360046],[2.9466114044],[0.2239520252]],"75":[[-19.8282775879],[3.5837345123],[0.2356225848]],"76":[[-19.913728714],[4.2145733833],[0.1460992843]],"77":[[-19.9949474335],[4.8225359917],[0.1631150544]],"78":[[-20.0742492676],[5.4185447693],[0.1515082568]],"79":[[-20.1520900726],[6.003575325],[0.1349618882]],"80":[[-20.3804283142],[6.4277129173],[0.142440632]],"81":[[-20.6179962158],[6.8255434036],[0.1282009333]],"82":[[-20.8445034027],[7.2079496384],[0.1039195508]],"83":[[-21.0612010956],[7.5738005638],[0.1102684587]],"84":[[-21.2672042847],[7.9215970039],[0.1062561646]],"85":[[-21.8072185516],[8.100610733],[0.1399025321]],"86":[[-22.4152545929],[8.2382173538],[0.1213548183]],"87":[[-22.9896316528],[8.3706102371],[0.116014339]],"88":[[-23.5357093811],[8.4964790344],[0.1132855564]],"89":[[-24.0524806976],[8.6155939102],[0.1114165485]],"90":[[-24.5403900146],[8.728058815],[0.1111166924]],"91":[[-25.0007648468],[8.8341751099],[0.1104826331]],"92":[[-25.6846065521],[9.1081771851],[0.1539226174]],"93":[[-26.4613056183],[9.4511833191],[0.1244959608]],"94":[[-27.1985683441],[9.7752656937],[0.1295469403]],"95":[[-27.9032611847],[10.0846443176],[0.1209696159]],"96":[[-28.5723686218],[10.3784008026],[0.1163740084]],"97":[[-29.2054824829],[10.6563539505],[0.1117129773]],"98":[[-29.8031272888],[10.9187355042],[0.1116544977]],"99":[[-30.3670444489],[11.1663074493],[0.1116251647]]},"cam0_node_pos":{"0":[[-40.0],[-140.0],[70.0]],"1":[[-40.0],[-140.0],[70.0]],"2":[[-40.0],[-140.0],[70.0]],"3":[[-40.0],[-140.0],[70.0]],"4":[[-40.0],[-140.0],[70.0]],"5":[[-40.0],[-140.0],[70.0]],"6":[[-40.0],[-140.0],[70.0]],"7":[[-40.0],[-140.0],[70.0]],"8":[[-40.0],[-140.0],[70.0]],"9":[[-40.0],[-140.0],[70.0]],"10":[[-40.0],[-140.0],[70.0]],"11":[[-40.0],[-140.0],[70.0]],"12":[[-40.0],[-140.0],[70.0]],"13":[[-40.0],[-140.0],[70.0]],"14":[[-40.0],[-140.0],[70.0]],"15":[[-40.0],[-140.0],[70.0]],"16":[[-40.0],[-140.0],[70.0]],"17":[[-40.0],[-140.0],[70.0]],"18":[[-40.0],[-140.0],[70.0]],"19":[[-40.0],[-140.0],[70.0]],"20":[[-40.0],[-140.0],[70.0]],"21":[[-40.0],[-140.0],[70.0]],"22":[[-40.0],[-140.0],[70.0]],"23":[[-40.0],[-140.0],[70.0]],"24":[[-40.0],[-140.0],[70.0]],"25":[[-40.0],[-140.0],[70.0]],"26":[[-40.0],[-140.0],[70.0]],"27":[[-40.0],[-140.0],[70.0]],"28":[[-40.0],[-140.0],[70.0]],"29":[[-40.0],[-140.0],[70.0]],"30":[[-40.0],[-140.0],[70.0]],"31":[[-40.0],[-140.0],[70.0]],"32":[[-40.0],[-140.0],[70.0]],"33":[[-40.0],[-140.0],[70.0]],"34":[[-40.0],[-140.0],[70.0]],"35":[[-40.0],[-140.0],[70.0]],"36":[[-40.0],[-140.0],[70.0]],"37":[[-40.0],[-140.0],[70.0]],"38":[[-40.0],[-140.0],[70.0]],"39":[[-40.0],[-140.0],[70.0]],"40":[[-40.0],[-140.0],[70.0]],"41":[[-40.0],[-140.0],[70.0]],"42":[[-40.0],[-140.0],[70.0]],"43":[[-40.0],[-140.0],[70.0]],"44":[[-40.0],[-140.0],[70.0]],"45":[[-40.0],[-140.0],[70.0]],"46":[[-40.0],[-140.0],[70.0]],"47":[[-40.0],[-140.0],[70.0]],"48":[[-40.0],[-140.0],[70.0]],"49":[[-40.0],[-140.0],[70.0]],"50":[[-40.0],[-140.0],[70.0]],"51":[[-40.0],[-140.0],[70.0]],"52":[[-40.0],[-140.0],[70.0]],"53":[[-40.0],[-140.0],[70.0]],"54":[[-40.0],[-140.0],[70.0]],"55":[[-40.0],[-140.0],[70.0]],"56":[[-40.0],[-140.0],[70.0]],"57":[[-40.0],[-140.0],[70.0]],"58":[[-40.0],[-140.0],[70.0]],"59":[[-40.0],[-140.0],[70.0]],"60":[[-40.0],[-140.0],[70.0]],"61":[[-40.0],[-140.0],[70.0]],"62":[[-40.0],[-140.0],[70.0]],"63":[[-40.0],[-140.0],[70.0]],"64":[[-40.0],[-140.0],[70.0]],"65":[[-40.0],[-140.0],[70.0]],"66":[[-40.0],[-140.0],[70.0]],"67":[[-40.0],[-140.0],[70.0]],"68":[[-40.0],[-140.0],[70.0]],"69":[[-40.0],[-140.0],[70.0]],"70":[[-40.0],[-140.0],[70.0]],"71":[[-40.0],[-140.0],[70.0]],"72":[[-40.0],[-140.0],[70.0]],"73":[[-40.0],[-140.0],[70.0]],"74":[[-40.0],[-140.0],[70.0]],"75":[[-40.0],[-140.0],[70.0]],"76":[[-40.0],[-140.0],[70.0]],"77":[[-40.0],[-140.0],[70.0]],"78":[[-40.0],[-140.0],[70.0]],"79":[[-40.0],[-140.0],[70.0]],"80":[[-40.0],[-140.0],[70.0]],"81":[[-40.0],[-140.0],[70.0]],"82":[[-40.0],[-140.0],[70.0]],"83":[[-40.0],[-140.0],[70.0]],"84":[[-40.0],[-140.0],[70.0]],"85":[[-40.0],[-140.0],[70.0]],"86":[[-40.0],[-140.0],[70.0]],"87":[[-40.0],[-140.0],[70.0]],"88":[[-40.0],[-140.0],[70.0]],"89":[[-40.0],[-140.0],[70.0]],"90":[[-40.0],[-140.0],[70.0]],"91":[[-40.0],[-140.0],[70.0]],"92":[[-40.0],[-140.0],[70.0]],"93":[[-40.0],[-140.0],[70.0]],"94":[[-40.0],[-140.0],[70.0]],"95":[[-40.0],[-140.0],[70.0]],"96":[[-40.0],[-140.0],[70.0]],"97":[[-40.0],[-140.0],[70.0]],"98":[[-40.0],[-140.0],[70.0]],"99":[[-40.0],[-140.0],[70.0]]},"cam0_node_orientation":{"0":[0.0,0.0,0.0,1.0],"1":[0.0,0.0,0.0,1.0],"2":[0.0,0.0,0.0,1.0],"3":[0.0,0.0,0.0,1.0],"4":[0.0,0.0,0.0,1.0],"5":[0.0,0.0,0.0,1.0],"6":[0.0,0.0,0.0,1.0],"7":[0.0,0.0,0.0,1.0],"8":[0.0,0.0,0.0,1.0],"9":[0.0,0.0,0.0,1.0],"10":[0.0,0.0,0.0,1.0],"11":[0.0,0.0,0.0,1.0],"12":[0.0,0.0,0.0,1.0],"13":[0.0,0.0,0.0,1.0],"14":[0.0,0.0,0.0,1.0],"15":[0.0,0.0,0.0,1.0],"16":[0.0,0.0,0.0,1.0],"17":[0.0,0.0,0.0,1.0],"18":[0.0,0.0,0.0,1.0],"19":[0.0,0.0,0.0,1.0],"20":[0.0,0.0,0.0,1.0],"21":[0.0,0.0,0.0,1.0],"22":[0.0,0.0,0.0,1.0],"23":[0.0,0.0,0.0,1.0],"24":[0.0,0.0,0.0,1.0],"25":[0.0,0.0,0.0,1.0],"26":[0.0,0.0,0.0,1.0],"27":[0.0,0.0,0.0,1.0],"28":[0.0,0.0,0.0,1.0],"29":[0.0,0.0,0.0,1.0],"30":[0.0,0.0,0.0,1.0],"31":[0.0,0.0,0.0,1.0],"32":[0.0,0.0,0.0,1.0],"33":[0.0,0.0,0.0,1.0],"34":[0.0,0.0,0.0,1.0],"35":[0.0,0.0,0.0,1.0],"36":[0.0,0.0,0.0,1.0],"37":[0.0,0.0,0.0,1.0],"38":[0.0,0.0,0.0,1.0],"39":[0.0,0.0,0.0,1.0],"40":[0.0,0.0,0.0,1.0],"41":[0.0,0.0,0.0,1.0],"42":[0.0,0.0,0.0,1.0],"43":[0.0,0.0,0.0,1.0],"44":[0.0,0.0,0.0,1.0],"45":[0.0,0.0,0.0,1.0],"46":[0.0,0.0,0.0,1.0],"47":[0.0,0.0,0.0,1.0],"48":[0.0,0.0,0.0,1.0],"49":[0.0,0.0,0.0,1.0],"50":[0.0,0.0,0.0,1.0],"51":[0.0,0.0,0.0,1.0],"52":[0.0,0.0,0.0,1.0],"53":[0.0,0.0,0.0,1.0],"54":[0.0,0.0,0.0,1.0],"55":[0.0,0.0,0.0,1.0],"56":[0.0,0.0,0.0,1.0],"57":[0.0,0.0,0.0,1.0],"58":[0.0,0.0,0.0,1.0],"59":[0.0,0.0,0.0,1.0],"60":[0.0,0.0,0.0,1.0],"61":[0.0,0.0,0.0,1.0],"62":[0.0,0.0,0.0,1.0],"63":[0.0,0.0,0.0,1.0],"64":[0.0,0.0,0.0,1.0],"65":[0.0,0.0,0.0,1.0],"66":[0.0,0.0,0.0,1.0],"67":[0.0,0.0,0.0,1.0],"68":[0.0,0.0,0.0,1.0],"69":[0.0,0.0,0.0,1.0],"70":[0.0,0.0,0.0,1.0],"71":[0.0,0.0,0.0,1.0],"72":[0.0,0.0,0.0,1.0],"73":[0.0,0.0,0.0,1.0],"74":[0.0,0.0,0.0,1.0],"75":[0.0,0.0,0.0,1.0],"76":[0.0,0.0,0.0,1.0],"77":[0.0,0.0,0.0,1.0],"78":[0.0,0.0,0.0,1.0],"79":[0.0,0.0,0.0,1.0],"80":[0.0,0.0,0.0,1.0],"81":[0.0,0.0,0.0,1.0],"82":[0.0,0.0,0.0,1.0],"83":[0.0,0.0,0.0,1.0],"84":[0.0,0.0,0.0,1.0],"85":[0.0,0.0,0.0,1.0],"86":[0.0,0.0,0.0,1.0],"87":[0.0,0.0,0.0,1.0],"88":[0.0,0.0,0.0,1.0],"89":[0.0,0.0,0.0,1.0],"90":[0.0,0.0,0.0,1.0],"91":[0.0,0.0,0.0,1.0],"92":[0.0,0.0,0.0,1.0],"93":[0.0,0.0,0.0,1.0],"94":[0.0,0.0,0.0,1.0],"95":[0.0,0.0,0.0,1.0],"96":[0.0,0.0,0.0,1.0],"97":[0.0,0.0,0.0,1.0],"98":[0.0,0.0,0.0,1.0],"99":[0.0,0.0,0.0,1.0]},"cam0_orientation":{"0":[[0.5,0.0,0.0,0.8660253882]],"1":[[0.5,0.0,0.0,0.8660253882]],"2":[[0.5,0.0,0.0,0.8660253882]],"3":[[0.5,0.0,0.0,0.8660253882]],"4":[[0.5,0.0,0.0,0.8660253882]],"5":[[0.5,0.0,0.0,0.8660253882]],"6":[[0.5,0.0,0.0,0.8660253882]],"7":[[0.5,0.0,0.0,0.8660253882]],"8":[[0.5,0.0,0.0,0.8660253882]],"9":[[0.5,0.0,0.0,0.8660253882]],"10":[[0.5,0.0,0.0,0.8660253882]],"11":[[0.5,0.0,0.0,0.8660253882]],"12":[[0.5,0.0,0.0,0.8660253882]],"13":[[0.5,0.0,0.0,0.8660253882]],"14":[[0.5,0.0,0.0,0.8660253882]],"15":[[0.5,0.0,0.0,0.8660253882]],"16":[[0.5,0.0,0.0,0.8660253882]],"17":[[0.5,0.0,0.0,0.8660253882]],"18":[[0.5,0.0,0.0,0.8660253882]],"19":[[0.5,0.0,0.0,0.8660253882]],"20":[[0.5,0.0,0.0,0.8660253882]],"21":[[0.5,0.0,0.0,0.8660253882]],"22":[[0.5,0.0,0.0,0.8660253882]],"23":[[0.5,0.0,0.0,0.8660253882]],"24":[[0.5,0.0,0.0,0.8660253882]],"25":[[0.5,0.0,0.0,0.8660253882]],"26":[[0.5,0.0,0.0,0.8660253882]],"27":[[0.5,0.0,0.0,0.8660253882]],"28":[[0.5,0.0,0.0,0.8660253882]],"29":[[0.5,0.0,0.0,0.8660253882]],"30":[[0.5,0.0,0.0,0.8660253882]],"31":[[0.5,0.0,0.0,0.8660253882]],"32":[[0.5,0.0,0.0,0.8660253882]],"33":[[0.5,0.0,0.0,0.8660253882]],"34":[[0.5,0.0,0.0,0.8660253882]],"35":[[0.5,0.0,0.0,0.8660253882]],"36":[[0.5,0.0,0.0,0.8660253882]],"37":[[0.5,0.0,0.0,0.8660253882]],"38":[[0.5,0.0,0.0,0.8660253882]],"39":[[0.5,0.0,0.0,0.8660253882]],"40":[[0.5,0.0,0.0,0.8660253882]],"41":[[0.5,0.0,0.0,0.8660253882]],"42":[[0.5,0.0,0.0,0.8660253882]],"43":[[0.5,0.0,0.0,0.8660253882]],"44":[[0.5,0.0,0.0,0.8660253882]],"45":[[0.5,0.0,0.0,0.8660253882]],"46":[[0.5,0.0,0.0,0.8660253882]],"47":[[0.5,0.0,0.0,0.8660253882]],"48":[[0.5,0.0,0.0,0.8660253882]],"49":[[0.5,0.0,0.0,0.8660253882]],"50":[[0.5,0.0,0.0,0.8660253882]],"51":[[0.5,0.0,0.0,0.8660253882]],"52":[[0.5,0.0,0.0,0.8660253882]],"53":[[0.5,0.0,0.0,0.8660253882]],"54":[[0.5,0.0,0.0,0.8660253882]],"55":[[0.5,0.0,0.0,0.8660253882]],"56":[[0.5,0.0,0.0,0.8660253882]],"57":[[0.5,0.0,0.0,0.8660253882]],"58":[[0.5,0.0,0.0,0.8660253882]],"59":[[0.5,0.0,0.0,0.8660253882]],"60":[[0.5,0.0,0.0,0.8660253882]],"61":[[0.5,0.0,0.0,0.8660253882]],"62":[[0.5,0.0,0.0,0.8660253882]],"63":[[0.5,0.0,0.0,0.8660253882]],"64":[[0.5,0.0,0.0,0.8660253882]],"65":[[0.5,0.0,0.0,0.8660253882]],"66":[[0.5,0.0,0.0,0.8660253882]],"67":[[0.5,0.0,0.0,0.8660253882]],"68":[[0.5,0.0,0.0,0.8660253882]],"69":[[0.5,0.0,0.0,0.8660253882]],"70":[[0.5,0.0,0.0,0.8660253882]],"71":[[0.5,0.0,0.0,0.8660253882]],"72":[[0.5,0.0,0.0,0.8660253882]],"73":[[0.5,0.0,0.0,0.8660253882]],"74":[[0.5,0.0,0.0,0.8660253882]],"75":[[0.5,0.0,0.0,0.8660253882]],"76":[[0.5,0.0,0.0,0.8660253882]],"77":[[0.5,0.0,0.0,0.8660253882]],"78":[[0.5,0.0,0.0,0.8660253882]],"79":[[0.5,0.0,0.0,0.8660253882]],"80":[[0.5,0.0,0.0,0.8660253882]],"81":[[0.5,0.0,0.0,0.8660253882]],"82":[[0.5,0.0,0.0,0.8660253882]],"83":[[0.5,0.0,0.0,0.8660253882]],"84":[[0.5,0.0,0.0,0.8660253882]],"85":[[0.5,0.0,0.0,0.8660253882]],"86":[[0.5,0.0,0.0,0.8660253882]],"87":[[0.5,0.0,0.0,0.8660253882]],"88":[[0.5,0.0,0.0,0.8660253882]],"89":[[0.5,0.0,0.0,0.8660253882]],"90":[[0.5,0.0,0.0,0.8660253882]],"91":[[0.5,0.0,0.0,0.8660253882]],"92":[[0.5,0.0,0.0,0.8660253882]],"93":[[0.5,0.0,0.0,0.8660253882]],"94":[[0.5,0.0,0.0,0.8660253882]],"95":[[0.5,0.0,0.0,0.8660253882]],"96":[[0.5,0.0,0.0,0.8660253882]],"97":[[0.5,0.0,0.0,0.8660253882]],"98":[[0.5,0.0,0.0,0.8660253882]],"99":[[0.5,0.0,0.0,0.8660253882]]},"pix_ball_pos_cam0":{"0":[[271.0],[272.0]],"1":[[271.0],[272.0]],"2":[[271.0],[272.0]],"3":[[271.0],[272.0]],"4":[[271.0],[272.0]],"5":[[274.0],[271.0]],"6":[[279.0],[270.0]],"7":[[284.0],[270.0]],"8":[[289.0],[270.0]],"9":[[295.0],[271.0]],"10":[[300.0],[272.0]],"11":[[304.0],[272.0]],"12":[[309.0],[272.0]],"13":[[313.0],[273.0]],"14":[[318.0],[273.0]],"15":[[322.0],[273.0]],"16":[[326.0],[273.0]],"17":[[331.0],[273.0]],"18":[[335.0],[273.0]],"19":[[340.0],[273.0]],"20":[[344.0],[273.0]],"21":[[349.0],[273.0]],"22":[[353.0],[273.0]],"23":[[357.0],[273.0]],"24":[[359.0],[274.0]],"25":[[360.0],[274.0]],"26":[[360.0],[274.0]],"27":[[361.0],[274.0]],"28":[[361.0],[274.0]],"29":[[362.0],[275.0]],"30":[[359.0],[273.0]],"31":[[358.0],[274.0]],"32":[[359.0],[272.0]],"33":[[359.0],[271.0]],"34":[[360.0],[270.0]],"35":[[360.0],[270.0]],"36":[[361.0],[271.0]],"37":[[362.0],[273.0]],"38":[[363.0],[274.0]],"39":[[366.0],[274.0]],"40":[[370.0],[275.0]],"41":[[373.0],[276.0]],"42":[[377.0],[277.0]],"43":[[381.0],[278.0]],"44":[[384.0],[279.0]],"45":[[388.0],[279.0]],"46":[[391.0],[280.0]],"47":[[395.0],[281.0]],"48":[[403.0],[280.0]],"49":[[410.0],[281.0]],"50":[[418.0],[281.0]],"51":[[425.0],[281.0]],"52":[[432.0],[281.0]],"53":[[438.0],[281.0]],"54":[[444.0],[281.0]],"55":[[446.0],[279.0]],"56":[[448.0],[278.0]],"57":[[449.0],[277.0]],"58":[[449.0],[277.0]],"59":[[449.0],[277.0]],"60":[[449.0],[277.0]],"61":[[449.0],[277.0]],"62":[[449.0],[277.0]],"63":[[449.0],[277.0]],"64":[[449.0],[277.0]],"65":[[449.0],[277.0]],"66":[[449.0],[277.0]],"67":[[449.0],[277.0]],"68":[[447.0],[276.0]],"69":[[448.0],[273.0]],"70":[[449.0],[269.0]],"71":[[451.0],[266.0]],"72":[[453.0],[264.0]],"73":[[455.0],[263.0]],"74":[[456.0],[259.0]],"75":[[457.0],[257.0]],"76":[[459.0],[255.0]],"77":[[460.0],[253.0]],"78":[[461.0],[250.0]],"79":[[463.0],[248.0]],"80":[[465.0],[246.0]],"81":[[468.0],[245.0]],"82":[[470.0],[244.0]],"83":[[472.0],[242.0]],"84":[[474.0],[241.0]],"85":[[479.0],[240.0]],"86":[[485.0],[240.0]],"87":[[490.0],[239.0]],"88":[[495.0],[239.0]],"89":[[499.0],[238.0]],"90":[[504.0],[238.0]],"91":[[508.0],[238.0]],"92":[[514.0],[236.0]],"93":[[521.0],[235.0]],"94":[[528.0],[234.0]],"95":[[534.0],[233.0]],"96":[[540.0],[232.0]],"97":[[546.0],[231.0]],"98":[[551.0],[230.0]],"99":[[556.0],[229.0]]},"extrinsic_mat_cam0":{"0":[[1.0,0.0,0.0,40.0],[0.0,0.5,0.8660253882,9.3782234192],[0.0,-0.8660253882,0.5,-156.243560791]],"1":[[1.0,0.0,0.0,40.0],[0.0,0.5,0.8660253882,9.3782234192],[0.0,-0.8660253882,0.5,-156.243560791]],"2":[[1.0,0.0,0.0,40.0],[0.0,0.5,0.8660253882,9.3782234192],[0.0,-0.8660253882,0.5,-156.243560791]],"3":[[1.0,0.0,0.0,40.0],[0.0,0.5,0.8660253882,9.3782234192],[0.0,-0.8660253882,0.5,-156.243560791]],"4":[[1.0,0.0,0.0,40.0],[0.0,0.5,0.8660253882,9.3782234192],[0.0,-0.8660253882,0.5,-156.243560791]],"5":[[1.0,0.0,0.0,40.0],[0.0,0.5,0.8660253882,9.3782234192],[0.0,-0.8660253882,0.5,-156.243560791]],"6":[[1.0,0.0,0.0,40.0],[0.0,0.5,0.8660253882,9.3782234192],[0.0,-0.8660253882,0.5,-156.243560791]],"7":[[1.0,0.0,0.0,40.0],[0.0,0.5,0.8660253882,9.3782234192],[0.0,-0.8660253882,0.5,-156.243560791]],"8":[[1.0,0.0,0.0,40.0],[0.0,0.5,0.8660253882,9.3782234192],[0.0,-0.8660253882,0.5,-156.243560791]],"9":[[1.0,0.0,0.0,40.0],[0.0,0.5,0.8660253882,9.3782234192],[0.0,-0.8660253882,0.5,-156.243560791]],"10":[[1.0,0.0,0.0,40.0],[0.0,0.5,0.8660253882,9.3782234192],[0.0,-0.8660253882,0.5,-156.243560791]],"11":[[1.0,0.0,0.0,40.0],[0.0,0.5,0.8660253882,9.3782234192],[0.0,-0.8660253882,0.5,-156.243560791]],"12":[[1.0,0.0,0.0,40.0],[0.0,0.5,0.8660253882,9.3782234192],[0.0,-0.8660253882,0.5,-156.243560791]],"13":[[1.0,0.0,0.0,40.0],[0.0,0.5,0.8660253882,9.3782234192],[0.0,-0.8660253882,0.5,-156.243560791]],"14":[[1.0,0.0,0.0,40.0],[0.0,0.5,0.8660253882,9.3782234192],[0.0,-0.8660253882,0.5,-156.243560791]],"15":[[1.0,0.0,0.0,40.0],[0.0,0.5,0.8660253882,9.3782234192],[0.0,-0.8660253882,0.5,-156.243560791]],"16":[[1.0,0.0,0.0,40.0],[0.0,0.5,0.8660253882,9.3782234192],[0.0,-0.8660253882,0.5,-156.243560791]],"17":[[1.0,0.0,0.0,40.0],[0.0,0.5,0.8660253882,9.3782234192],[0.0,-0.8660253882,0.5,-156.243560791]],"18":[[1.0,0.0,0.0,40.0],[0.0,0.5,0.8660253882,9.3782234192],[0.0,-0.8660253882,0.5,-156.243560791]],"19":[[1.0,0.0,0.0,40.0],[0.0,0.5,0.8660253882,9.3782234192],[0.0,-0.8660253882,0.5,-156.243560791]],"20":[[1.0,0.0,0.0,40.0],[0.0,0.5,0.8660253882,9.3782234192],[0.0,-0.8660253882,0.5,-156.243560791]],"21":[[1.0,0.0,0.0,40.0],[0.0,0.5,0.8660253882,9.3782234192],[0.0,-0.8660253882,0.5,-156.243560791]],"22":[[1.0,0.0,0.0,40.0],[0.0,0.5,0.8660253882,9.3782234192],[0.0,-0.8660253882,0.5,-156.243560791]],"23":[[1.0,0.0,0.0,40.0],[0.0,0.5,0.8660253882,9.3782234192],[0.0,-0.8660253882,0.5,-156.243560791]],"24":[[1.0,0.0,0.0,40.0],[0.0,0.5,0.8660253882,9.3782234192],[0.0,-0.8660253882,0.5,-156.243560791]],"25":[[1.0,0.0,0.0,40.0],[0.0,0.5,0.8660253882,9.3782234192],[0.0,-0.8660253882,0.5,-156.243560791]],"26":[[1.0,0.0,0.0,40.0],[0.0,0.5,0.8660253882,9.3782234192],[0.0,-0.8660253882,0.5,-156.243560791]],"27":[[1.0,0.0,0.0,40.0],[0.0,0.5,0.8660253882,9.3782234192],[0.0,-0.8660253882,0.5,-156.243560791]],"28":[[1.0,0.0,0.0,40.0],[0.0,0.5,0.8660253882,9.3782234192],[0.0,-0.8660253882,0.5,-156.243560791]],"29":[[1.0,0.0,0.0,40.0],[0.0,0.5,0.8660253882,9.3782234192],[0.0,-0.8660253882,0.5,-156.243560791]],"30":[[1.0,0.0,0.0,40.0],[0.0,0.5,0.8660253882,9.3782234192],[0.0,-0.8660253882,0.5,-156.243560791]],"31":[[1.0,0.0,0.0,40.0],[0.0,0.5,0.8660253882,9.3782234192],[0.0,-0.8660253882,0.5,-156.243560791]],"32":[[1.0,0.0,0.0,40.0],[0.0,0.5,0.8660253882,9.3782234192],[0.0,-0.8660253882,0.5,-156.243560791]],"33":[[1.0,0.0,0.0,40.0],[0.0,0.5,0.8660253882,9.3782234192],[0.0,-0.8660253882,0.5,-156.243560791]],"34":[[1.0,0.0,0.0,40.0],[0.0,0.5,0.8660253882,9.3782234192],[0.0,-0.8660253882,0.5,-156.243560791]],"35":[[1.0,0.0,0.0,40.0],[0.0,0.5,0.8660253882,9.3782234192],[0.0,-0.8660253882,0.5,-156.243560791]],"36":[[1.0,0.0,0.0,40.0],[0.0,0.5,0.8660253882,9.3782234192],[0.0,-0.8660253882,0.5,-156.243560791]],"37":[[1.0,0.0,0.0,40.0],[0.0,0.5,0.8660253882,9.3782234192],[0.0,-0.8660253882,0.5,-156.243560791]],"38":[[1.0,0.0,0.0,40.0],[0.0,0.5,0.8660253882,9.3782234192],[0.0,-0.8660253882,0.5,-156.243560791]],"39":[[1.0,0.0,0.0,40.0],[0.0,0.5,0.8660253882,9.3782234192],[0.0,-0.8660253882,0.5,-156.243560791]],"40":[[1.0,0.0,0.0,40.0],[0.0,0.5,0.8660253882,9.3782234192],[0.0,-0.8660253882,0.5,-156.243560791]],"41":[[1.0,0.0,0.0,40.0],[0.0,0.5,0.8660253882,9.3782234192],[0.0,-0.8660253882,0.5,-156.243560791]],"42":[[1.0,0.0,0.0,40.0],[0.0,0.5,0.8660253882,9.3782234192],[0.0,-0.8660253882,0.5,-156.243560791]],"43":[[1.0,0.0,0.0,40.0],[0.0,0.5,0.8660253882,9.3782234192],[0.0,-0.8660253882,0.5,-156.243560791]],"44":[[1.0,0.0,0.0,40.0],[0.0,0.5,0.8660253882,9.3782234192],[0.0,-0.8660253882,0.5,-156.243560791]],"45":[[1.0,0.0,0.0,40.0],[0.0,0.5,0.8660253882,9.3782234192],[0.0,-0.8660253882,0.5,-156.243560791]],"46":[[1.0,0.0,0.0,40.0],[0.0,0.5,0.8660253882,9.3782234192],[0.0,-0.8660253882,0.5,-156.243560791]],"47":[[1.0,0.0,0.0,40.0],[0.0,0.5,0.8660253882,9.3782234192],[0.0,-0.8660253882,0.5,-156.243560791]],"48":[[1.0,0.0,0.0,40.0],[0.0,0.5,0.8660253882,9.3782234192],[0.0,-0.8660253882,0.5,-156.243560791]],"49":[[1.0,0.0,0.0,40.0],[0.0,0.5,0.8660253882,9.3782234192],[0.0,-0.8660253882,0.5,-156.243560791]],"50":[[1.0,0.0,0.0,40.0],[0.0,0.5,0.8660253882,9.3782234192],[0.0,-0.8660253882,0.5,-156.243560791]],"51":[[1.0,0.0,0.0,40.0],[0.0,0.5,0.8660253882,9.3782234192],[0.0,-0.8660253882,0.5,-156.243560791]],"52":[[1.0,0.0,0.0,40.0],[0.0,0.5,0.8660253882,9.3782234192],[0.0,-0.8660253882,0.5,-156.243560791]],"53":[[1.0,0.0,0.0,40.0],[0.0,0.5,0.8660253882,9.3782234192],[0.0,-0.8660253882,0.5,-156.243560791]],"54":[[1.0,0.0,0.0,40.0],[0.0,0.5,0.8660253882,9.3782234192],[0.0,-0.8660253882,0.5,-156.243560791]],"55":[[1.0,0.0,0.0,40.0],[0.0,0.5,0.8660253882,9.3782234192],[0.0,-0.8660253882,0.5,-156.243560791]],"56":[[1.0,0.0,0.0,40.0],[0.0,0.5,0.8660253882,9.3782234192],[0.0,-0.8660253882,0.5,-156.243560791]],"57":[[1.0,0.0,0.0,40.0],[0.0,0.5,0.8660253882,9.3782234192],[0.0,-0.8660253882,0.5,-156.243560791]],"58":[[1.0,0.0,0.0,40.0],[0.0,0.5,0.8660253882,9.3782234192],[0.0,-0.8660253882,0.5,-156.243560791]],"59":[[1.0,0.0,0.0,40.0],[0.0,0.5,0.8660253882,9.3782234192],[0.0,-0.8660253882,0.5,-156.243560791]],"60":[[1.0,0.0,0.0,40.0],[0.0,0.5,0.8660253882,9.3782234192],[0.0,-0.8660253882,0.5,-156.243560791]],"61":[[1.0,0.0,0.0,40.0],[0.0,0.5,0.8660253882,9.3782234192],[0.0,-0.8660253882,0.5,-156.243560791]],"62":[[1.0,0.0,0.0,40.0],[0.0,0.5,0.8660253882,9.3782234192],[0.0,-0.8660253882,0.5,-156.243560791]],"63":[[1.0,0.0,0.0,40.0],[0.0,0.5,0.8660253882,9.3782234192],[0.0,-0.8660253882,0.5,-156.243560791]],"64":[[1.0,0.0,0.0,40.0],[0.0,0.5,0.8660253882,9.3782234192],[0.0,-0.8660253882,0.5,-156.243560791]],"65":[[1.0,0.0,0.0,40.0],[0.0,0.5,0.8660253882,9.3782234192],[0.0,-0.8660253882,0.5,-156.243560791]],"66":[[1.0,0.0,0.0,40.0],[0.0,0.5,0.8660253882,9.3782234192],[0.0,-0.8660253882,0.5,-156.243560791]],"67":[[1.0,0.0,0.0,40.0],[0.0,0.5,0.8660253882,9.3782234192],[0.0,-0.8660253882,0.5,-156.243560791]],"68":[[1.0,0.0,0.0,40.0],[0.0,0.5,0.8660253882,9.3782234192],[0.0,-0.8660253882,0.5,-156.243560791]],"69":[[1.0,0.0,0.0,40.0],[0.0,0.5,0.8660253882,9.3782234192],[0.0,-0.8660253882,0.5,-156.243560791]],"70":[[1.0,0.0,0.0,40.0],[0.0,0.5,0.8660253882,9.3782234192],[0.0,-0.8660253882,0.5,-156.243560791]],"71":[[1.0,0.0,0.0,40.0],[0.0,0.5,0.8660253882,9.3782234192],[0.0,-0.8660253882,0.5,-156.243560791]],"72":[[1.0,0.0,0.0,40.0],[0.0,0.5,0.8660253882,9.3782234192],[0.0,-0.8660253882,0.5,-156.243560791]],"73":[[1.0,0.0,0.0,40.0],[0.0,0.5,0.8660253882,9.3782234192],[0.0,-0.8660253882,0.5,-156.243560791]],"74":[[1.0,0.0,0.0,40.0],[0.0,0.5,0.8660253882,9.3782234192],[0.0,-0.8660253882,0.5,-156.243560791]],"75":[[1.0,0.0,0.0,40.0],[0.0,0.5,0.8660253882,9.3782234192],[0.0,-0.8660253882,0.5,-156.243560791]],"76":[[1.0,0.0,0.0,40.0],[0.0,0.5,0.8660253882,9.3782234192],[0.0,-0.8660253882,0.5,-156.243560791]],"77":[[1.0,0.0,0.0,40.0],[0.0,0.5,0.8660253882,9.3782234192],[0.0,-0.8660253882,0.5,-156.243560791]],"78":[[1.0,0.0,0.0,40.0],[0.0,0.5,0.8660253882,9.3782234192],[0.0,-0.8660253882,0.5,-156.243560791]],"79":[[1.0,0.0,0.0,40.0],[0.0,0.5,0.8660253882,9.3782234192],[0.0,-0.8660253882,0.5,-156.243560791]],"80":[[1.0,0.0,0.0,40.0],[0.0,0.5,0.8660253882,9.3782234192],[0.0,-0.8660253882,0.5,-156.243560791]],"81":[[1.0,0.0,0.0,40.0],[0.0,0.5,0.8660253882,9.3782234192],[0.0,-0.8660253882,0.5,-156.243560791]],"82":[[1.0,0.0,0.0,40.0],[0.0,0.5,0.8660253882,9.3782234192],[0.0,-0.8660253882,0.5,-156.243560791]],"83":[[1.0,0.0,0.0,40.0],[0.0,0.5,0.8660253882,9.3782234192],[0.0,-0.8660253882,0.5,-156.243560791]],"84":[[1.0,0.0,0.0,40.0],[0.0,0.5,0.8660253882,9.3782234192],[0.0,-0.8660253882,0.5,-156.243560791]],"85":[[1.0,0.0,0.0,40.0],[0.0,0.5,0.8660253882,9.3782234192],[0.0,-0.8660253882,0.5,-156.243560791]],"86":[[1.0,0.0,0.0,40.0],[0.0,0.5,0.8660253882,9.3782234192],[0.0,-0.8660253882,0.5,-156.243560791]],"87":[[1.0,0.0,0.0,40.0],[0.0,0.5,0.8660253882,9.3782234192],[0.0,-0.8660253882,0.5,-156.243560791]],"88":[[1.0,0.0,0.0,40.0],[0.0,0.5,0.8660253882,9.3782234192],[0.0,-0.8660253882,0.5,-156.243560791]],"89":[[1.0,0.0,0.0,40.0],[0.0,0.5,0.8660253882,9.3782234192],[0.0,-0.8660253882,0.5,-156.243560791]],"90":[[1.0,0.0,0.0,40.0],[0.0,0.5,0.8660253882,9.3782234192],[0.0,-0.8660253882,0.5,-156.243560791]],"91":[[1.0,0.0,0.0,40.0],[0.0,0.5,0.8660253882,9.3782234192],[0.0,-0.8660253882,0.5,-156.243560791]],"92":[[1.0,0.0,0.0,40.0],[0.0,0.5,0.8660253882,9.3782234192],[0.0,-0.8660253882,0.5,-156.243560791]],"93":[[1.0,0.0,0.0,40.0],[0.0,0.5,0.8660253882,9.3782234192],[0.0,-0.8660253882,0.5,-156.243560791]],"94":[[1.0,0.0,0.0,40.0],[0.0,0.5,0.8660253882,9.3782234192],[0.0,-0.8660253882,0.5,-156.243560791]],"95":[[1.0,0.0,0.0,40.0],[0.0,0.5,0.8660253882,9.3782234192],[0.0,-0.8660253882,0.5,-156.243560791]],"96":[[1.0,0.0,0.0,40.0],[0.0,0.5,0.8660253882,9.3782234192],[0.0,-0.8660253882,0.5,-156.243560791]],"97":[[1.0,0.0,0.0,40.0],[0.0,0.5,0.8660253882,9.3782234192],[0.0,-0.8660253882,0.5,-156.243560791]],"98":[[1.0,0.0,0.0,40.0],[0.0,0.5,0.8660253882,9.3782234192],[0.0,-0.8660253882,0.5,-156.243560791]],"99":[[1.0,0.0,0.0,40.0],[0.0,0.5,0.8660253882,9.3782234192],[0.0,-0.8660253882,0.5,-156.243560791]]},"extrinsic_mat_cam1":{"0":[[1.0,0.0,0.0,-40.0],[0.0,0.5,0.8660253882,9.3782234192],[0.0,-0.8660253882,0.5,-156.243560791]],"1":[[1.0,0.0,0.0,-40.0],[0.0,0.5,0.8660253882,9.3782234192],[0.0,-0.8660253882,0.5,-156.243560791]],"2":[[1.0,0.0,0.0,-40.0],[0.0,0.5,0.8660253882,9.3782234192],[0.0,-0.8660253882,0.5,-156.243560791]],"3":[[1.0,0.0,0.0,-40.0],[0.0,0.5,0.8660253882,9.3782234192],[0.0,-0.8660253882,0.5,-156.243560791]],"4":[[1.0,0.0,0.0,-40.0],[0.0,0.5,0.8660253882,9.3782234192],[0.0,-0.8660253882,0.5,-156.243560791]],"5":[[1.0,0.0,0.0,-40.0],[0.0,0.5,0.8660253882,9.3782234192],[0.0,-0.8660253882,0.5,-156.243560791]],"6":[[1.0,0.0,0.0,-40.0],[0.0,0.5,0.8660253882,9.3782234192],[0.0,-0.8660253882,0.5,-156.243560791]],"7":[[1.0,0.0,0.0,-40.0],[0.0,0.5,0.8660253882,9.3782234192],[0.0,-0.8660253882,0.5,-156.243560791]],"8":[[1.0,0.0,0.0,-40.0],[0.0,0.5,0.8660253882,9.3782234192],[0.0,-0.8660253882,0.5,-156.243560791]],"9":[[1.0,0.0,0.0,-40.0],[0.0,0.5,0.8660253882,9.3782234192],[0.0,-0.8660253882,0.5,-156.243560791]],"10":[[1.0,0.0,0.0,-40.0],[0.0,0.5,0.8660253882,9.3782234192],[0.0,-0.8660253882,0.5,-156.243560791]],"11":[[1.0,0.0,0.0,-40.0],[0.0,0.5,0.8660253882,9.3782234192],[0.0,-0.8660253882,0.5,-156.243560791]],"12":[[1.0,0.0,0.0,-40.0],[0.0,0.5,0.8660253882,9.3782234192],[0.0,-0.8660253882,0.5,-156.243560791]],"13":[[1.0,0.0,0.0,-40.0],[0.0,0.5,0.8660253882,9.3782234192],[0.0,-0.8660253882,0.5,-156.243560791]],"14":[[1.0,0.0,0.0,-40.0],[0.0,0.5,0.8660253882,9.3782234192],[0.0,-0.8660253882,0.5,-156.243560791]],"15":[[1.0,0.0,0.0,-40.0],[0.0,0.5,0.8660253882,9.3782234192],[0.0,-0.8660253882,0.5,-156.243560791]],"16":[[1.0,0.0,0.0,-40.0],[0.0,0.5,0.8660253882,9.3782234192],[0.0,-0.8660253882,0.5,-156.243560791]],"17":[[1.0,0.0,0.0,-40.0],[0.0,0.5,0.8660253882,9.3782234192],[0.0,-0.8660253882,0.5,-156.243560791]],"18":[[1.0,0.0,0.0,-40.0],[0.0,0.5,0.8660253882,9.3782234192],[0.0,-0.8660253882,0.5,-156.243560791]],"19":[[1.0,0.0,0.0,-40.0],[0.0,0.5,0.8660253882,9.3782234192],[0.0,-0.8660253882,0.5,-156.243560791]],"20":[[1.0,0.0,0.0,-40.0],[0.0,0.5,0.8660253882,9.3782234192],[0.0,-0.8660253882,0.5,-156.243560791]],"21":[[1.0,0.0,0.0,-40.0],[0.0,0.5,0.8660253882,9.3782234192],[0.0,-0.8660253882,0.5,-156.243560791]],"22":[[1.0,0.0,0.0,-40.0],[0.0,0.5,0.8660253882,9.3782234192],[0.0,-0.8660253882,0.5,-156.243560791]],"23":[[1.0,0.0,0.0,-40.0],[0.0,0.5,0.8660253882,9.3782234192],[0.0,-0.8660253882,0.5,-156.243560791]],"24":[[1.0,0.0,0.0,-40.0],[0.0,0.5,0.8660253882,9.3782234192],[0.0,-0.8660253882,0.5,-156.243560791]],"25":[[1.0,0.0,0.0,-40.0],[0.0,0.5,0.8660253882,9.3782234192],[0.0,-0.8660253882,0.5,-156.243560791]],"26":[[1.0,0.0,0.0,-40.0],[0.0,0.5,0.8660253882,9.3782234192],[0.0,-0.8660253882,0.5,-156.243560791]],"27":[[1.0,0.0,0.0,-40.0],[0.0,0.5,0.8660253882,9.3782234192],[0.0,-0.8660253882,0.5,-156.243560791]],"28":[[1.0,0.0,0.0,-40.0],[0.0,0.5,0.8660253882,9.3782234192],[0.0,-0.8660253882,0.5,-156.243560791]],"29":[[1.0,0.0,0.0,-40.0],[0.0,0.5,0.8660253882,9.3782234192],[0.0,-0.8660253882,0.5,-156.243560791]],"30":[[1.0,0.0,0.0,-40.0],[0.0,0.5,0.8660253882,9.3782234192],[0.0,-0.8660253882,0.5,-156.243560791]],"31":[[1.0,0.0,0.0,-40.0],[0.0,0.5,0.8660253882,9.3782234192],[0.0,-0.8660253882,0.5,-156.243560791]],"32":[[1.0,0.0,0.0,-40.0],[0.0,0.5,0.8660253882,9.3782234192],[0.0,-0.8660253882,0.5,-156.243560791]],"33":[[1.0,0.0,0.0,-40.0],[0.0,0.5,0.8660253882,9.3782234192],[0.0,-0.8660253882,0.5,-156.243560791]],"34":[[1.0,0.0,0.0,-40.0],[0.0,0.5,0.8660253882,9.3782234192],[0.0,-0.8660253882,0.5,-156.243560791]],"35":[[1.0,0.0,0.0,-40.0],[0.0,0.5,0.8660253882,9.3782234192],[0.0,-0.8660253882,0.5,-156.243560791]],"36":[[1.0,0.0,0.0,-40.0],[0.0,0.5,0.8660253882,9.3782234192],[0.0,-0.8660253882,0.5,-156.243560791]],"37":[[1.0,0.0,0.0,-40.0],[0.0,0.5,0.8660253882,9.3782234192],[0.0,-0.8660253882,0.5,-156.243560791]],"38":[[1.0,0.0,0.0,-40.0],[0.0,0.5,0.8660253882,9.3782234192],[0.0,-0.8660253882,0.5,-156.243560791]],"39":[[1.0,0.0,0.0,-40.0],[0.0,0.5,0.8660253882,9.3782234192],[0.0,-0.8660253882,0.5,-156.243560791]],"40":[[1.0,0.0,0.0,-40.0],[0.0,0.5,0.8660253882,9.3782234192],[0.0,-0.8660253882,0.5,-156.243560791]],"41":[[1.0,0.0,0.0,-40.0],[0.0,0.5,0.8660253882,9.3782234192],[0.0,-0.8660253882,0.5,-156.243560791]],"42":[[1.0,0.0,0.0,-40.0],[0.0,0.5,0.8660253882,9.3782234192],[0.0,-0.8660253882,0.5,-156.243560791]],"43":[[1.0,0.0,0.0,-40.0],[0.0,0.5,0.8660253882,9.3782234192],[0.0,-0.8660253882,0.5,-156.243560791]],"44":[[1.0,0.0,0.0,-40.0],[0.0,0.5,0.8660253882,9.3782234192],[0.0,-0.8660253882,0.5,-156.243560791]],"45":[[1.0,0.0,0.0,-40.0],[0.0,0.5,0.8660253882,9.3782234192],[0.0,-0.8660253882,0.5,-156.243560791]],"46":[[1.0,0.0,0.0,-40.0],[0.0,0.5,0.8660253882,9.3782234192],[0.0,-0.8660253882,0.5,-156.243560791]],"47":[[1.0,0.0,0.0,-40.0],[0.0,0.5,0.8660253882,9.3782234192],[0.0,-0.8660253882,0.5,-156.243560791]],"48":[[1.0,0.0,0.0,-40.0],[0.0,0.5,0.8660253882,9.3782234192],[0.0,-0.8660253882,0.5,-156.243560791]],"49":[[1.0,0.0,0.0,-40.0],[0.0,0.5,0.8660253882,9.3782234192],[0.0,-0.8660253882,0.5,-156.243560791]],"50":[[1.0,0.0,0.0,-40.0],[0.0,0.5,0.8660253882,9.3782234192],[0.0,-0.8660253882,0.5,-156.243560791]],"51":[[1.0,0.0,0.0,-40.0],[0.0,0.5,0.8660253882,9.3782234192],[0.0,-0.8660253882,0.5,-156.243560791]],"52":[[1.0,0.0,0.0,-40.0],[0.0,0.5,0.8660253882,9.3782234192],[0.0,-0.8660253882,0.5,-156.243560791]],"53":[[1.0,0.0,0.0,-40.0],[0.0,0.5,0.8660253882,9.3782234192],[0.0,-0.8660253882,0.5,-156.243560791]],"54":[[1.0,0.0,0.0,-40.0],[0.0,0.5,0.8660253882,9.3782234192],[0.0,-0.8660253882,0.5,-156.243560791]],"55":[[1.0,0.0,0.0,-40.0],[0.0,0.5,0.8660253882,9.3782234192],[0.0,-0.8660253882,0.5,-156.243560791]],"56":[[1.0,0.0,0.0,-40.0],[0.0,0.5,0.8660253882,9.3782234192],[0.0,-0.8660253882,0.5,-156.243560791]],"57":[[1.0,0.0,0.0,-40.0],[0.0,0.5,0.8660253882,9.3782234192],[0.0,-0.8660253882,0.5,-156.243560791]],"58":[[1.0,0.0,0.0,-40.0],[0.0,0.5,0.8660253882,9.3782234192],[0.0,-0.8660253882,0.5,-156.243560791]],"59":[[1.0,0.0,0.0,-40.0],[0.0,0.5,0.8660253882,9.3782234192],[0.0,-0.8660253882,0.5,-156.243560791]],"60":[[1.0,0.0,0.0,-40.0],[0.0,0.5,0.8660253882,9.3782234192],[0.0,-0.8660253882,0.5,-156.243560791]],"61":[[1.0,0.0,0.0,-40.0],[0.0,0.5,0.8660253882,9.3782234192],[0.0,-0.8660253882,0.5,-156.243560791]],"62":[[1.0,0.0,0.0,-40.0],[0.0,0.5,0.8660253882,9.3782234192],[0.0,-0.8660253882,0.5,-156.243560791]],"63":[[1.0,0.0,0.0,-40.0],[0.0,0.5,0.8660253882,9.3782234192],[0.0,-0.8660253882,0.5,-156.243560791]],"64":[[1.0,0.0,0.0,-40.0],[0.0,0.5,0.8660253882,9.3782234192],[0.0,-0.8660253882,0.5,-156.243560791]],"65":[[1.0,0.0,0.0,-40.0],[0.0,0.5,0.8660253882,9.3782234192],[0.0,-0.8660253882,0.5,-156.243560791]],"66":[[1.0,0.0,0.0,-40.0],[0.0,0.5,0.8660253882,9.3782234192],[0.0,-0.8660253882,0.5,-156.243560791]],"67":[[1.0,0.0,0.0,-40.0],[0.0,0.5,0.8660253882,9.3782234192],[0.0,-0.8660253882,0.5,-156.243560791]],"68":[[1.0,0.0,0.0,-40.0],[0.0,0.5,0.8660253882,9.3782234192],[0.0,-0.8660253882,0.5,-156.243560791]],"69":[[1.0,0.0,0.0,-40.0],[0.0,0.5,0.8660253882,9.3782234192],[0.0,-0.8660253882,0.5,-156.243560791]],"70":[[1.0,0.0,0.0,-40.0],[0.0,0.5,0.8660253882,9.3782234192],[0.0,-0.8660253882,0.5,-156.243560791]],"71":[[1.0,0.0,0.0,-40.0],[0.0,0.5,0.8660253882,9.3782234192],[0.0,-0.8660253882,0.5,-156.243560791]],"72":[[1.0,0.0,0.0,-40.0],[0.0,0.5,0.8660253882,9.3782234192],[0.0,-0.8660253882,0.5,-156.243560791]],"73":[[1.0,0.0,0.0,-40.0],[0.0,0.5,0.8660253882,9.3782234192],[0.0,-0.8660253882,0.5,-156.243560791]],"74":[[1.0,0.0,0.0,-40.0],[0.0,0.5,0.8660253882,9.3782234192],[0.0,-0.8660253882,0.5,-156.243560791]],"75":[[1.0,0.0,0.0,-40.0],[0.0,0.5,0.8660253882,9.3782234192],[0.0,-0.8660253882,0.5,-156.243560791]],"76":[[1.0,0.0,0.0,-40.0],[0.0,0.5,0.8660253882,9.3782234192],[0.0,-0.8660253882,0.5,-156.243560791]],"77":[[1.0,0.0,0.0,-40.0],[0.0,0.5,0.8660253882,9.3782234192],[0.0,-0.8660253882,0.5,-156.243560791]],"78":[[1.0,0.0,0.0,-40.0],[0.0,0.5,0.8660253882,9.3782234192],[0.0,-0.8660253882,0.5,-156.243560791]],"79":[[1.0,0.0,0.0,-40.0],[0.0,0.5,0.8660253882,9.3782234192],[0.0,-0.8660253882,0.5,-156.243560791]],"80":[[1.0,0.0,0.0,-40.0],[0.0,0.5,0.8660253882,9.3782234192],[0.0,-0.8660253882,0.5,-156.243560791]],"81":[[1.0,0.0,0.0,-40.0],[0.0,0.5,0.8660253882,9.3782234192],[0.0,-0.8660253882,0.5,-156.243560791]],"82":[[1.0,0.0,0.0,-40.0],[0.0,0.5,0.8660253882,9.3782234192],[0.0,-0.8660253882,0.5,-156.243560791]],"83":[[1.0,0.0,0.0,-40.0],[0.0,0.5,0.8660253882,9.3782234192],[0.0,-0.8660253882,0.5,-156.243560791]],"84":[[1.0,0.0,0.0,-40.0],[0.0,0.5,0.8660253882,9.3782234192],[0.0,-0.8660253882,0.5,-156.243560791]],"85":[[1.0,0.0,0.0,-40.0],[0.0,0.5,0.8660253882,9.3782234192],[0.0,-0.8660253882,0.5,-156.243560791]],"86":[[1.0,0.0,0.0,-40.0],[0.0,0.5,0.8660253882,9.3782234192],[0.0,-0.8660253882,0.5,-156.243560791]],"87":[[1.0,0.0,0.0,-40.0],[0.0,0.5,0.8660253882,9.3782234192],[0.0,-0.8660253882,0.5,-156.243560791]],"88":[[1.0,0.0,0.0,-40.0],[0.0,0.5,0.8660253882,9.3782234192],[0.0,-0.8660253882,0.5,-156.243560791]],"89":[[1.0,0.0,0.0,-40.0],[0.0,0.5,0.8660253882,9.3782234192],[0.0,-0.8660253882,0.5,-156.243560791]],"90":[[1.0,0.0,0.0,-40.0],[0.0,0.5,0.8660253882,9.3782234192],[0.0,-0.8660253882,0.5,-156.243560791]],"91":[[1.0,0.0,0.0,-40.0],[0.0,0.5,0.8660253882,9.3782234192],[0.0,-0.8660253882,0.5,-156.243560791]],"92":[[1.0,0.0,0.0,-40.0],[0.0,0.5,0.8660253882,9.3782234192],[0.0,-0.8660253882,0.5,-156.243560791]],"93":[[1.0,0.0,0.0,-40.0],[0.0,0.5,0.8660253882,9.3782234192],[0.0,-0.8660253882,0.5,-156.243560791]],"94":[[1.0,0.0,0.0,-40.0],[0.0,0.5,0.8660253882,9.3782234192],[0.0,-0.8660253882,0.5,-156.243560791]],"95":[[1.0,0.0,0.0,-40.0],[0.0,0.5,0.8660253882,9.3782234192],[0.0,-0.8660253882,0.5,-156.243560791]],"96":[[1.0,0.0,0.0,-40.0],[0.0,0.5,0.8660253882,9.3782234192],[0.0,-0.8660253882,0.5,-156.243560791]],"97":[[1.0,0.0,0.0,-40.0],[0.0,0.5,0.8660253882,9.3782234192],[0.0,-0.8660253882,0.5,-156.243560791]],"98":[[1.0,0.0,0.0,-40.0],[0.0,0.5,0.8660253882,9.3782234192],[0.0,-0.8660253882,0.5,-156.243560791]],"99":[[1.0,0.0,0.0,-40.0],[0.0,0.5,0.8660253882,9.3782234192],[0.0,-0.8660253882,0.5,-156.243560791]]},"cam1_node_pos":{"0":[[40.0],[-140.0],[70.0]],"1":[[40.0],[-140.0],[70.0]],"2":[[40.0],[-140.0],[70.0]],"3":[[40.0],[-140.0],[70.0]],"4":[[40.0],[-140.0],[70.0]],"5":[[40.0],[-140.0],[70.0]],"6":[[40.0],[-140.0],[70.0]],"7":[[40.0],[-140.0],[70.0]],"8":[[40.0],[-140.0],[70.0]],"9":[[40.0],[-140.0],[70.0]],"10":[[40.0],[-140.0],[70.0]],"11":[[40.0],[-140.0],[70.0]],"12":[[40.0],[-140.0],[70.0]],"13":[[40.0],[-140.0],[70.0]],"14":[[40.0],[-140.0],[70.0]],"15":[[40.0],[-140.0],[70.0]],"16":[[40.0],[-140.0],[70.0]],"17":[[40.0],[-140.0],[70.0]],"18":[[40.0],[-140.0],[70.0]],"19":[[40.0],[-140.0],[70.0]],"20":[[40.0],[-140.0],[70.0]],"21":[[40.0],[-140.0],[70.0]],"22":[[40.0],[-140.0],[70.0]],"23":[[40.0],[-140.0],[70.0]],"24":[[40.0],[-140.0],[70.0]],"25":[[40.0],[-140.0],[70.0]],"26":[[40.0],[-140.0],[70.0]],"27":[[40.0],[-140.0],[70.0]],"28":[[40.0],[-140.0],[70.0]],"29":[[40.0],[-140.0],[70.0]],"30":[[40.0],[-140.0],[70.0]],"31":[[40.0],[-140.0],[70.0]],"32":[[40.0],[-140.0],[70.0]],"33":[[40.0],[-140.0],[70.0]],"34":[[40.0],[-140.0],[70.0]],"35":[[40.0],[-140.0],[70.0]],"36":[[40.0],[-140.0],[70.0]],"37":[[40.0],[-140.0],[70.0]],"38":[[40.0],[-140.0],[70.0]],"39":[[40.0],[-140.0],[70.0]],"40":[[40.0],[-140.0],[70.0]],"41":[[40.0],[-140.0],[70.0]],"42":[[40.0],[-140.0],[70.0]],"43":[[40.0],[-140.0],[70.0]],"44":[[40.0],[-140.0],[70.0]],"45":[[40.0],[-140.0],[70.0]],"46":[[40.0],[-140.0],[70.0]],"47":[[40.0],[-140.0],[70.0]],"48":[[40.0],[-140.0],[70.0]],"49":[[40.0],[-140.0],[70.0]],"50":[[40.0],[-140.0],[70.0]],"51":[[40.0],[-140.0],[70.0]],"52":[[40.0],[-140.0],[70.0]],"53":[[40.0],[-140.0],[70.0]],"54":[[40.0],[-140.0],[70.0]],"55":[[40.0],[-140.0],[70.0]],"56":[[40.0],[-140.0],[70.0]],"57":[[40.0],[-140.0],[70.0]],"58":[[40.0],[-140.0],[70.0]],"59":[[40.0],[-140.0],[70.0]],"60":[[40.0],[-140.0],[70.0]],"61":[[40.0],[-140.0],[70.0]],"62":[[40.0],[-140.0],[70.0]],"63":[[40.0],[-140.0],[70.0]],"64":[[40.0],[-140.0],[70.0]],"65":[[40.0],[-140.0],[70.0]],"66":[[40.0],[-140.0],[70.0]],"67":[[40.0],[-140.0],[70.0]],"68":[[40.0],[-140.0],[70.0]],"69":[[40.0],[-140.0],[70.0]],"70":[[40.0],[-140.0],[70.0]],"71":[[40.0],[-140.0],[70.0]],"72":[[40.0],[-140.0],[70.0]],"73":[[40.0],[-140.0],[70.0]],"74":[[40.0],[-140.0],[70.0]],"75":[[40.0],[-140.0],[70.0]],"76":[[40.0],[-140.0],[70.0]],"77":[[40.0],[-140.0],[70.0]],"78":[[40.0],[-140.0],[70.0]],"79":[[40.0],[-140.0],[70.0]],"80":[[40.0],[-140.0],[70.0]],"81":[[40.0],[-140.0],[70.0]],"82":[[40.0],[-140.0],[70.0]],"83":[[40.0],[-140.0],[70.0]],"84":[[40.0],[-140.0],[70.0]],"85":[[40.0],[-140.0],[70.0]],"86":[[40.0],[-140.0],[70.0]],"87":[[40.0],[-140.0],[70.0]],"88":[[40.0],[-140.0],[70.0]],"89":[[40.0],[-140.0],[70.0]],"90":[[40.0],[-140.0],[70.0]],"91":[[40.0],[-140.0],[70.0]],"92":[[40.0],[-140.0],[70.0]],"93":[[40.0],[-140.0],[70.0]],"94":[[40.0],[-140.0],[70.0]],"95":[[40.0],[-140.0],[70.0]],"96":[[40.0],[-140.0],[70.0]],"97":[[40.0],[-140.0],[70.0]],"98":[[40.0],[-140.0],[70.0]],"99":[[40.0],[-140.0],[70.0]]},"cam1_node_orientation":{"0":[0.0,0.0,0.0,1.0],"1":[0.0,0.0,0.0,1.0],"2":[0.0,0.0,0.0,1.0],"3":[0.0,0.0,0.0,1.0],"4":[0.0,0.0,0.0,1.0],"5":[0.0,0.0,0.0,1.0],"6":[0.0,0.0,0.0,1.0]